80.0 -400.0 -1.2e-05
79.711792 -393.215546 -1.2e-05
77.41864 -379.841766 -1.2e-05
72.898285 -367.047913 -1.2e-05
66.280792 -355.202026 -1.2e-05
66.280792 -444.798004 -1.2e-05
72.898285 -432.952118 -1.2e-05
77.41864 -420.158264 -1.2e-05
79.711792 -406.784485 -1.2e-05
57.7565 -344.644897 -1.1e-05
47.570663 -335.680237 -1.1e-05
47.570648 -464.319763 -1.1e-05
57.7565 -455.355133 -1.1e-05
36.016296 -328.565948 -1e-05
23.425827 -323.506683 -1e-05
23.425812 -476.493347 -1e-05
36.016281 -471.434082 -1e-05
10.161423 -320.64798 -9e-06
-3.395294 -320.072083 -9e-06
-3.395309 -479.927917 -9e-06
10.161407 -479.352051 -9e-06
-1.5e-05 -400.0 -9e-06
-16.85434 -321.795593 -8e-06
-16.854355 -478.204407 -8e-06
-29.828522 -325.76889 -7e-06
-41.94458 -331.877686 -7e-06
-41.944595 -468.122345 -7e-06
-29.828537 -474.23114 -7e-06
-52.853973 -339.946228 -6e-06
-62.242859 -349.742401 -6e-06
-69.841125 -360.984406 -6e-06
-69.841141 -439.015594 -6e-06
-62.242874 -450.257599 -6e-06
-52.853989 -460.053802 -6e-06
-75.430199 -373.348816 -5e-06
-78.849274 -386.479919 -5e-06
-80.0 -400.0 -5e-06
-78.849274 -413.520081 -5e-06
-75.430199 -426.651184 -5e-06
120.0 -400.0 19.999987
119.707703 -391.629242 19.999987
117.377716 -375.050598 19.999987
112.763123 -358.957581 19.999987
105.953705 -343.663422 19.999987
97.082031 -329.46579 19.999987
86.32077 -316.641022 19.999987
86.32077 -483.359009 19.999987
97.082031 -470.534241 19.999987
105.953705 -456.336578 19.999987
112.763123 -441.042419 19.999987
117.377716 -424.949402 19.999987
119.707703 -408.370789 19.999987
79.711792 -406.784485 19.999989
80.0 -400.0 19.999989
79.711792 -393.215546 19.999989
77.41864 -379.841766 19.999989
72.898285 -367.047913 19.999989
66.280792 -355.202026 19.999989
57.7565 -344.644897 19.999989
47.570663 -335.680237 19.999989
47.570648 -464.319763 19.999989
57.7565 -455.355133 19.999989
66.280792 -444.798004 19.999989
72.898285 -432.952118 19.999989
77.41864 -420.158264 19.999989
73.879364 -305.438721 19.999989
60.0 -296.076965 19.999989
44.952789 -288.737946 19.999989
44.952774 -511.262054 19.999989
60.0 -503.923035 19.999989
73.879364 -494.56131 19.999989
36.016296 -328.565948 19.99999
23.425827 -323.506683 19.99999
10.161423 -320.64798 19.99999
-3.395294 -320.072083 19.99999
-3.395309 -479.927917 19.99999
10.161407 -479.352051 19.99999
23.425812 -476.493347 19.99999
36.016281 -471.434082 19.99999
29.030624 -283.564514 19.99999
12.543411 -280.657379 19.99999
12.543396 -519.342651 19.99999
29.030609 -516.435486 19.99999
-16.85434 -321.795593 19.999992
-29.828522 -325.76889 19.999992
-41.94458 -331.877686 19.999992
-41.944595 -468.122345 19.999992
-29.828537 -474.23114 19.999992
-16.854355 -478.204407 19.999992
-4.187943 -280.07312 19.999992
-20.837784 -281.82309 19.999992
-37.082031 -285.87323 19.999992
-37.082047 -514.12677 19.999992
-20.837799 -518.176941 19.999992
-4.187958 -519.92688 19.999992
-52.853973 -339.946228 19.999994
-62.242859 -349.742401 19.999994
-69.841125 -360.984406 19.999994
-75.430199 -373.348816 19.999994
-78.849274 -386.479919 19.999994
-80.0 -400.0 19.999994
-78.849274 -413.520081 19.999994
-75.430199 -426.651184 19.999994
-69.841141 -439.015594 19.999994
-62.242874 -450.257599 19.999994
-52.853989 -460.053802 19.999994
-52.604538 -292.144714 19.999994
-67.103149 -300.515503 19.999994
-80.295677 -310.822632 19.999994
-80.295685 -489.177368 19.999994
-67.103165 -499.484528 19.999994
-52.604553 -507.855286 19.999994
-91.925339 -322.865509 19.999996
-101.765778 -336.409698 19.999996
-109.625458 -351.191589 19.999996
-115.351402 -366.923523 19.999996
-118.832176 -383.299225 19.999996
-120.0 -400.0 19.999996
-118.832176 -416.700775 19.999996
-115.351402 -433.076477 19.999996
-109.625458 -448.808411 19.999996
-101.765778 -463.590302 19.999996
-91.925339 -477.134521 19.999996
129.34314 -453.575684 29.999985
135.229614 -436.23468 29.999985
138.802277 -418.273682 29.999985
140.0 -400.0 29.999985
138.802277 -381.726349 29.999985
135.229614 -363.76535 29.999985
129.34314 -346.424316 29.999985
119.707703 -408.370789 29.999987
120.0 -400.0 29.999987
119.707703 -391.629242 29.999987
117.377716 -375.050598 29.999987
112.763123 -358.957581 29.999987
105.953705 -343.663422 29.999987
97.082031 -329.46579 29.999987
86.32077 -316.641022 29.999987
86.32077 -483.359009 29.999987
97.082031 -470.534241 29.999987
105.953705 -456.336578 29.999987
112.763123 -441.042419 29.999987
117.377716 -424.949402 29.999987
85.226593 -511.069489 29.999987
98.994965 -498.994965 29.999987
111.069489 -485.226593 29.999987
121.243561 -470.0 29.999987
121.243561 -330.0 29.999987
111.069489 -314.773407 29.999987
98.994965 -301.005066 29.999987
85.226593 -288.930542 29.999987
73.879364 -305.438721 29.999989
60.0 -296.076965 29.999989
44.952789 -288.737946 29.999989
44.952774 -511.262054 29.999989
60.0 -503.923035 29.999989
73.879364 -494.56131 29.999989
53.575668 -529.34314 29.999989
70.0 -521.24353 29.999989
70.0 -278.75647 29.999989
53.575684 -270.65686 29.999989
29.030624 -283.564514 29.99999
12.543411 -280.657379 29.99999
12.543396 -519.342651 29.99999
29.030609 -516.435486 29.99999
-1.5e-05 -540.0 29.99999
18.273651 -538.802246 29.99999
36.23465 -535.229614 29.99999
36.234665 -264.770386 29.99999
18.273666 -261.197754 29.99999
0.0 -260.0 29.99999
-4.187943 -280.07312 29.999992
-20.837784 -281.82309 29.999992
-37.082031 -285.87323 29.999992
-37.082047 -514.12677 29.999992
-20.837799 -518.176941 29.999992
-4.187958 -519.92688 29.999992
-36.23468 -535.229614 29.999992
-18.273682 -538.802246 29.999992
-18.273666 -261.197723 29.999992
-36.234665 -264.770386 29.999992
-52.604538 -292.144714 29.999994
-67.103149 -300.515503 29.999994
-80.29567 -310.822632 29.999994
-80.295677 -489.177368 29.999994
-67.103165 -499.484528 29.999994
-52.604553 -507.855286 29.999994
-85.226616 -511.069489 29.999994
-70.000015 -521.24353 29.999994
-53.575699 -529.34314 29.999994
-53.575684 -270.65686 29.999994
-70.0 -278.75647 29.999994
-85.226601 -288.930542 29.999994
-91.925339 -322.865509 29.999996
-101.765778 -336.409698 29.999996
-109.625458 -351.191589 29.999996
-115.351402 -366.923523 29.999996
-118.832176 -383.299225 29.999996
-120.0 -400.0 29.999996
-118.832176 -416.700775 29.999996
-115.351402 -433.076477 29.999996
-109.625458 -448.808411 29.999996
-101.765778 -463.590302 29.999996
-91.925339 -477.134521 29.999996
-129.34314 -453.575684 29.999996
-121.243561 -470.0 29.999996
-111.069473 -485.226593 29.999996
-98.994957 -498.994965 29.999996
-98.994942 -301.005066 29.999996
-111.069466 -314.773407 29.999996
-121.243561 -330.0 29.999996
-129.34314 -346.424316 29.999996
-140.0 -400.0 29.999998
-138.802277 -418.273682 29.999998
-135.229614 -436.23468 29.999998
-135.229614 -363.76532 29.999998
-138.802277 -381.726318 29.999998
111.069489 -485.226593 39.999985
121.243561 -470.0 39.999985
129.34314 -453.575684 39.999985
135.229614 -436.23468 39.999985
138.802277 -418.273682 39.999985
140.0 -400.0 39.999985
138.802277 -381.726349 39.999985
135.229614 -363.76535 39.999985
129.34314 -346.424316 39.999985
121.243561 -330.0 39.999985
111.069489 -314.773407 39.999985
109.345306 -502.682068 39.999985
121.352539 -488.167786 39.999985
131.446014 -472.263062 39.999985
139.466492 -455.218689 39.999985
145.287476 -437.303497 39.999985
148.8172 -418.799988 39.999985
150.0 -400.0 39.999985
148.8172 -381.200012 39.999985
145.287476 -362.696533 39.999985
139.466492 -344.781342 39.999985
131.446014 -327.736969 39.999985
121.352539 -311.832214 39.999985
109.345306 -297.317932 39.999985
18.273651 -538.802246 39.999989
36.23465 -535.229614 39.999989
53.575668 -529.34314 39.999989
70.0 -521.24353 39.999989
85.226593 -511.069489 39.999989
98.994965 -498.994965 39.999989
98.994965 -301.005066 39.999989
85.226593 -288.930542 39.999989
70.0 -278.75647 39.999989
53.575684 -270.65686 39.999989
36.234665 -264.770386 39.999989
18.273666 -261.197754 39.999989
28.107193 -547.343079 39.999989
46.352539 -542.658447 39.999989
63.866882 -535.72406 39.999989
80.374023 -526.64917 39.999989
95.613617 -515.577026 39.999989
95.613617 -284.423035 39.999989
80.374023 -273.35083 39.999989
63.866882 -264.27597 39.999989
46.352554 -257.341553 39.999989
28.107208 -252.656921 39.999989
-53.575699 -529.34314 39.999992
-36.23468 -535.229614 39.999992
-18.273682 -538.802246 39.999992
-1.5e-05 -540.0 39.999992
0.0 -260.0 39.999992
-18.273666 -261.197723 39.999992
-36.234665 -264.770386 39.999992
-53.575684 -270.65686 39.999992
-63.866898 -535.72406 39.999992
-46.35257 -542.658447 39.999992
-28.107208 -547.343079 39.999992
-9.418594 -549.703979 39.999992
9.418564 -549.703979 39.999992
9.418579 -250.296005 39.999992
-9.418579 -250.296005 39.999992
-28.107193 -252.656921 39.999992
-46.352554 -257.341553 39.999992
-63.866882 -264.27594 39.999992
-138.802277 -418.273682 39.999996
-135.229614 -436.23468 39.999996
-129.34314 -453.575684 39.999996
-121.243561 -470.0 39.999996
-111.069473 -485.226593 39.999996
-98.994949 -498.994965 39.999996
-85.226616 -511.069489 39.999996
-70.000015 -521.24353 39.999996
-70.0 -278.75647 39.999996
-85.226601 -288.930542 39.999996
-98.994942 -301.005066 39.999996
-111.069466 -314.773407 39.999996
-121.243561 -330.0 39.999996
-129.34314 -346.424316 39.999996
-135.229614 -363.76532 39.999996
-138.802277 -381.726318 39.999996
-140.0 -400.0 39.999996
-150.000015 -400.0 39.999996
-148.817215 -418.799988 39.999996
-145.287476 -437.303467 39.999996
-139.466492 -455.218689 39.999996
-131.446014 -472.263062 39.999996
-121.352554 -488.167786 39.999996
-109.345306 -502.682068 39.999996
-95.613609 -515.577026 39.999996
-80.374031 -526.64917 39.999996
-80.374016 -273.35083 39.999996
-95.613594 -284.423035 39.999996
-109.345291 -297.317932 39.999996
-121.352547 -311.832214 39.999996
-131.446014 -327.736938 39.999996
-139.466476 -344.781311 39.999996
-145.287476 -362.696533 39.999996
-148.817215 -381.200012 39.999996
109.345306 -502.682068 49.999985
121.352539 -488.167786 49.999985
131.446014 -472.263062 49.999985
139.466492 -455.218689 49.999985
145.287476 -437.303497 49.999985
148.8172 -418.799988 49.999985
150.0 -400.0 49.999985
148.8172 -381.200012 49.999985
145.287476 -362.696533 49.999985
139.466492 -344.781342 49.999985
131.446014 -327.736969 49.999985
121.352539 -311.832214 49.999985
109.345306 -297.317932 49.999985
106.09964 -519.761719 49.999985
119.761719 -506.09964 49.999985
131.677429 -490.890381 49.999985
141.672974 -474.355713 49.999985
149.6026 -456.736816 49.999985
155.350677 -438.290527 49.999985
158.833405 -419.285889 49.999985
160.0 -400.0 49.999985
158.833405 -380.714142 49.999985
155.350677 -361.709503 49.999985
149.6026 -343.263245 49.999985
141.672974 -325.644318 49.999985
131.677429 -309.10965 49.999985
119.761719 -293.900391 49.999985
106.09964 -280.238281 49.999985
28.107193 -547.343079 49.999989
46.352539 -542.658447 49.999989
63.866882 -535.72406 49.999989
80.374023 -526.64917 49.999989
95.613617 -515.577026 49.999989
95.613617 -284.423035 49.999989
80.374023 -273.35083 49.999989
63.866882 -264.27597 49.999989
46.352554 -257.341553 49.999989
28.107208 -252.656921 49.999989
19.285858 -558.833374 49.999989
38.290497 -555.350708 49.999989
56.736786 -549.6026 49.999989
74.355713 -541.672974 49.999989
90.890381 -531.677429 49.999989
90.890381 -268.322601 49.999989
74.355713 -258.327057 49.999989
56.736786 -250.39743 49.999989
38.290512 -244.649323 49.999989
19.285873 -241.166595 49.999989
-63.866898 -535.72406 49.999992
-46.35257 -542.658447 49.999992
-28.107208 -547.343079 49.999992
-9.418594 -549.703979 49.999992
9.418564 -549.703979 49.999992
9.418579 -250.296005 49.999992
-9.418579 -250.296005 49.999992
-28.107193 -252.656921 49.999992
-46.352554 -257.341553 49.999992
-63.866882 -264.27594 49.999992
-56.736801 -549.6026 49.999992
-38.290527 -555.350708 49.999992
-19.285889 -558.833374 49.999992
-1.5e-05 -560.0 49.999992
0.0 -240.000015 49.999992
-19.285873 -241.166595 49.999992
-38.290512 -244.649323 49.999992
-56.736786 -250.397415 49.999992
-148.817215 -418.799988 49.999996
-145.287476 -437.303467 49.999996
-139.466492 -455.218689 49.999996
-131.446014 -472.263062 49.999996
-121.352554 -488.167786 49.999996
-109.345299 -502.682068 49.999996
-95.613609 -515.577026 49.999996
-80.374031 -526.64917 49.999996
-80.374016 -273.35083 49.999996
-95.613594 -284.423035 49.999996
-109.345291 -297.317932 49.999996
-121.352547 -311.832214 49.999996
-131.445999 -327.736938 49.999996
-139.466476 -344.781311 49.999996
-145.287476 -362.696533 49.999996
-148.817215 -381.200012 49.999996
-150.000015 -400.0 49.999996
-155.350693 -438.290527 49.999996
-149.6026 -456.736786 49.999996
-141.672974 -474.355713 49.999996
-131.677429 -490.890381 49.999996
-119.761726 -506.09964 49.999996
-106.09964 -519.761719 49.999996
-90.890373 -531.677429 49.999996
-74.355721 -541.672974 49.999996
-74.355705 -258.327026 49.999996
-90.890358 -268.322601 49.999996
-106.099625 -280.238281 49.999996
-119.761719 -293.900391 49.999996
-131.677414 -309.10965 49.999996
-141.672974 -325.644287 49.999996
-149.6026 -343.263214 49.999996
-155.350677 -361.709473 49.999996
-160.0 -400.0 50.0
-158.83342 -419.285889 50.0
-158.83342 -380.714111 50.0
106.09964 -519.761719 59.999985
119.761719 -506.09964 59.999985
131.677429 -490.890381 59.999985
141.672974 -474.355713 59.999985
149.6026 -456.736816 59.999985
155.350677 -438.290527 59.999985
158.833405 -419.285889 59.999985
160.0 -400.0 59.999985
158.833405 -380.714142 59.999985
155.350677 -361.709503 59.999985
149.6026 -343.263245 59.999985
141.672974 -325.644318 59.999985
131.677429 -309.10965 59.999985
119.761719 -293.900391 59.999985
106.09964 -280.238281 59.999985
170.0 -400.0 59.999985
169.701416 -389.929108 59.999985
167.319183 -369.92865 59.999985
162.588165 -350.350372 59.999985
155.574768 -331.469055 59.999985
146.377411 -313.549744 59.999985
135.125244 -296.843994 59.999985
121.976227 -281.586365 59.999985
107.114929 -267.990967 59.999985
107.114929 -532.009033 59.999985
121.976227 -518.413696 59.999985
135.125244 -503.156036 59.999985
146.377411 -486.450287 59.999985
155.574768 -468.531006 59.999985
162.588165 -449.649658 59.999985
167.319183 -430.07135 59.999985
169.701416 -410.070923 59.999985
19.285858 -558.833374 59.999989
38.290497 -555.350708 59.999989
56.736786 -549.6026 59.999989
74.355713 -541.672974 59.999989
90.890381 -531.677429 59.999989
90.890381 -268.322601 59.999989
74.355713 -258.327057 59.999989
56.736786 -250.39743 59.999989
38.290512 -244.649323 59.999989
19.285873 -241.166595 59.999989
90.749969 -256.248688 59.999989
73.111084 -246.524384 59.999989
54.445877 -238.954529 59.999989
35.016373 -233.645416 59.999989
35.016357 -566.354614 59.999989
54.445862 -561.045471 59.999989
73.111084 -553.475586 59.999989
90.749969 -543.751343 59.999989
-56.736801 -549.6026 59.999992
-38.290527 -555.350708 59.999992
-19.285889 -558.833374 59.999992
-1.5e-05 -560.0 59.999992
0.0 -240.000015 59.999992
-19.285873 -241.166595 59.999992
-38.290512 -244.649323 59.999992
-56.736786 -250.397415 59.999992
15.095306 -230.671539 59.999992
-5.037659 -230.074661 59.999992
-25.099915 -231.863174 59.999992
-44.809814 -236.011963 59.999992
-63.890686 -242.462769 59.999992
-63.890701 -557.537231 59.999992
-44.80983 -563.988037 59.999992
-25.09993 -568.136841 59.999992
-5.037674 -569.925354 59.999992
15.095291 -569.328491 59.999992
-155.350693 -438.290527 59.999996
-149.6026 -456.736786 59.999996
-141.672974 -474.355713 59.999996
-131.677429 -490.890381 59.999996
-119.761726 -506.09964 59.999996
-106.099632 -519.761719 59.999996
-90.890373 -531.677429 59.999996
-74.355721 -541.672974 59.999996
-74.355705 -258.327026 59.999996
-90.890358 -268.322601 59.999996
-106.099625 -280.238281 59.999996
-119.761719 -293.900391 59.999996
-131.677414 -309.10965 59.999996
-141.672974 -325.644287 59.999996
-149.6026 -343.263214 59.999996
-155.350677 -361.709473 59.999996
-82.074669 -251.125061 59.999996
-99.106506 -261.877228 59.999996
-114.747101 -274.568359 59.999996
-128.776901 -289.020264 59.999996
-140.998962 -305.03006 59.999996
-151.241699 -322.373047 59.999996
-151.241714 -477.626984 59.999996
-140.998962 -494.96994 59.999996
-128.776917 -510.979767 59.999996
-114.747116 -525.431641 59.999996
-99.106522 -538.122803 59.999996
-82.074684 -548.874939 59.999996
-158.83342 -419.285889 60.0
-158.83342 -380.714111 60.0
-160.0 -400.0 60.0
-159.361343 -340.805725 60.0
-165.243896 -360.069397 60.0
-168.806793 -379.893555 60.0
-170.0 -400.0 60.0
-168.806793 -420.106445 60.0
-165.243896 -439.930634 60.0
-159.361359 -459.194275 60.0
169.701416 -410.070923 69.999985
170.0 -400.0 69.999985
169.701416 -389.929108 69.999985
167.319183 -369.92865 69.999985
162.588165 -350.350372 69.999985
155.574768 -331.469055 69.999985
146.377411 -313.549744 69.999985
135.125244 -296.843994 69.999985
121.976227 -281.586365 69.999985
107.114929 -267.990967 69.999985
90.749969 -256.248688 69.999985
73.111084 -246.524384 69.999985
73.111084 -553.475586 69.999985
90.749969 -543.751343 69.999985
107.114929 -532.009033 69.999985
121.976227 -518.413696 69.999985
135.125244 -503.156036 69.999985
146.377411 -486.450287 69.999985
155.574768 -468.531006 69.999985
162.588165 -449.649658 69.999985
167.319183 -430.07135 69.999985
180.0 -400.0 69.999985
179.706451 -389.72403 69.999985
177.363708 -369.30603 69.999985
172.70874 -349.288147 69.999985
165.802246 -329.931396 69.999985
156.734283 -311.488098 69.999985
145.623047 -294.198669 69.999985
132.613403 -278.288544 69.999985
117.874939 -263.965088 69.999985
101.599792 -251.41507 69.999985
84.000122 -240.802094 69.999985
65.305389 -232.264481 69.999985
65.305389 -567.735535 69.999985
84.000122 -559.197937 69.999985
101.599792 -548.584961 69.999985
117.874939 -536.034912 69.999985
132.613403 -521.711487 69.999985
145.623047 -505.801361 69.999985
156.734283 -488.511963 69.999985
165.802246 -470.068665 69.999985
172.70874 -450.711884 69.999985
177.363708 -430.694031 69.999985
179.706451 -410.276001 69.999985
54.445877 -238.954529 69.999992
35.016373 -233.645416 69.999992
15.095306 -230.671539 69.999992
-5.037659 -230.074661 69.999992
-25.099915 -231.863174 69.999992
-44.809814 -236.011963 69.999992
-63.890686 -242.462769 69.999992
-82.074669 -251.125061 69.999992
-99.106506 -261.877228 69.999992
-99.106522 -538.122803 69.999992
-82.074684 -548.874939 69.999992
-63.890701 -557.537231 69.999992
-44.80983 -563.988037 69.999992
-25.09993 -568.136841 69.999992
-5.037674 -569.925354 69.999992
15.095291 -569.328491 69.999992
35.016357 -566.354614 69.999992
54.445862 -561.045471 69.999992
45.759308 -225.913574 69.999992
25.616669 -221.832153 69.999992
5.140091 -220.073425 69.999992
-15.403503 -220.660309 69.999992
-35.746277 -223.585144 69.999992
-55.623062 -228.80983 69.999992
-74.774704 -236.266235 69.999992
-92.951538 -245.857178 69.999992
-109.916618 -257.457611 69.999992
-109.916634 -542.542419 69.999992
-92.951553 -554.142822 69.999992
-74.774719 -563.733765 69.999992
-55.623077 -571.190186 69.999992
-35.746292 -576.414856 69.999992
-15.403519 -579.339722 69.999992
5.140076 -579.926636 69.999992
25.616653 -578.167847 69.999992
45.759293 -574.086426 69.999992
-114.747101 -274.568359 70.0
-128.776901 -289.020264 70.0
-140.998962 -305.03006 70.0
-151.241699 -322.373047 70.0
-159.361343 -340.805725 70.0
-165.243896 -360.069397 70.0
-168.806793 -379.893555 70.0
-170.0 -400.0 70.0
-168.806793 -420.106445 70.0
-165.243896 -439.930634 70.0
-159.361359 -459.194275 70.0
-151.241714 -477.626984 70.0
-140.998962 -494.96994 70.0
-128.776917 -510.979767 70.0
-114.747108 -525.431641 70.0
-125.448761 -270.91629 70.0
-139.34549 -286.05777 70.0
-151.425629 -302.684662 70.0
-161.531723 -320.5802 70.0
-169.531982 -339.511108 70.0
-175.322144 -359.230591 70.0
-178.826721 -379.481567 70.0
-180.000015 -400.0 70.0
-178.826721 -420.518463 70.0
-175.322144 -440.769409 70.0
-169.531982 -460.488892 70.0
-161.531723 -479.4198 70.0
-151.425644 -497.315338 70.0
-139.345505 -513.942261 70.0
-125.448769 -529.08374 70.0
179.706451 -410.276001 79.999985
180.0 -400.0 79.999985
179.706451 -389.72403 79.999985
177.363708 -369.30603 79.999985
172.70874 -349.288147 79.999985
165.802246 -329.931396 79.999985
156.734283 -311.488098 79.999985
145.623047 -294.198669 79.999985
132.613403 -278.288544 79.999985
117.874939 -263.965088 79.999985
101.599792 -251.41507 79.999985
84.000122 -240.802094 79.999985
65.305389 -232.264481 79.999985
65.305389 -567.735535 79.999985
84.000122 -559.197937 79.999985
101.599792 -548.584961 79.999985
117.874939 -536.034912 79.999985
132.613403 -521.711487 79.999985
145.623047 -505.801361 79.999985
156.734283 -488.511963 79.999985
165.802246 -470.068665 79.999985
172.70874 -450.711884 79.999985
177.363708 -430.694031 79.999985
62.753021 -579.33783 79.999985
82.437927 -571.184082 79.999985
101.08609 -560.877563 79.999985
118.463074 -548.547974 79.999985
134.350281 -534.350281 79.999985
148.547974 -518.463074 79.999985
160.877594 -501.086121 79.999985
171.184082 -482.437958 79.999985
179.33783 -462.753052 79.999985
185.236298 -442.278992 79.999985
188.805328 -421.273254 79.999985
190.0 -400.0 79.999985
188.805328 -378.726746 79.999985
185.236298 -357.721039 79.999985
179.33783 -337.247009 79.999985
171.184082 -317.562103 79.999985
160.877594 -298.91394 79.999985
148.547974 -281.536957 79.999985
134.350281 -265.649719 79.999985
118.463074 -251.452042 79.999985
101.08609 -239.122406 79.999985
82.437927 -228.815933 79.999985
62.753021 -220.662186 79.999985
45.759308 -225.913574 79.999992
25.616669 -221.832153 79.999992
5.140091 -220.073425 79.999992
-15.403503 -220.660309 79.999992
-35.746277 -223.585144 79.999992
-55.623062 -228.80983 79.999992
-74.774704 -236.266235 79.999992
-92.951538 -245.857178 79.999992
-109.916618 -257.457611 79.999992
-109.916634 -542.542419 79.999992
-92.951553 -554.142822 79.999992
-74.774719 -563.733765 79.999992
-55.623077 -571.190186 79.999992
-35.746292 -576.414856 79.999992
-15.403519 -579.339722 79.999992
5.140076 -579.926636 79.999992
25.616653 -578.167847 79.999992
45.759293 -574.086426 79.999992
-101.086105 -560.877563 79.999992
-82.43792 -571.184082 79.999992
-62.753036 -579.33783 79.999992
-42.278992 -585.236328 79.999992
-21.27327 -588.805298 79.999992
-1.5e-05 -590.0 79.999992
21.273239 -588.805298 79.999992
42.278961 -585.236328 79.999992
42.278976 -214.763702 79.999992
21.273254 -211.194687 79.999992
0.0 -210.000015 79.999992
-21.273254 -211.194687 79.999992
-42.278976 -214.763702 79.999992
-62.753021 -220.662186 79.999992
-82.437904 -228.815933 79.999992
-101.08609 -239.122406 79.999992
-125.448761 -270.91629 80.0
-139.34549 -286.05777 80.0
-151.425629 -302.684662 80.0
-161.531708 -320.5802 80.0
-169.531982 -339.511108 80.0
-175.322144 -359.230591 80.0
-178.826721 -379.481567 80.0
-180.000015 -400.0 80.0
-178.826721 -420.518463 80.0
-175.322144 -440.769409 80.0
-169.531982 -460.488892 80.0
-161.531723 -479.4198 80.0
-151.425629 -497.315338 80.0
-139.345505 -513.942261 80.0
-125.448769 -529.08374 80.0
-190.0 -400.0 80.0
-188.805328 -421.273254 80.0
-185.236313 -442.278992 80.0
-179.33783 -462.753021 80.0
-171.184082 -482.437927 80.0
-160.877609 -501.08609 80.0
-148.547989 -518.463074 80.0
-134.350281 -534.350281 80.0
-118.463074 -548.547974 80.0
-118.463058 -251.452026 80.0
-134.350281 -265.649719 80.0
-148.547974 -281.536926 80.0
-160.877594 -298.91391 80.0
-171.184082 -317.562103 80.0
-179.33783 -337.246979 80.0
-185.236313 -357.721008 80.0
-188.805328 -378.726746 80.0
62.753021 -579.33783 89.999985
82.437927 -571.184082 89.999985
101.08609 -560.877563 89.999985
118.463074 -548.547974 89.999985
134.350281 -534.350281 89.999985
148.547974 -518.463074 89.999985
160.877594 -501.086121 89.999985
171.184082 -482.437958 89.999985
179.33783 -462.753052 89.999985
185.236298 -442.278992 89.999985
188.805328 -421.273254 89.999985
190.0 -400.0 89.999985
188.805328 -378.726746 89.999985
185.236298 -357.721039 89.999985
179.33783 -337.247009 89.999985
171.184082 -317.562103 89.999985
160.877594 -298.91394 89.999985
148.547974 -281.536957 89.999985
134.350281 -265.649719 89.999985
118.463074 -251.452042 89.999985
101.08609 -239.122406 89.999985
82.437927 -228.815933 89.999985
62.753021 -220.662186 89.999985
74.027618 -585.795349 89.999985
93.681702 -576.702393 89.999985
112.237427 -565.537842 89.999985
129.477264 -552.432373 89.999985
145.199097 -537.539917 89.999985
159.218597 -521.034912 89.999985
171.371429 -503.110809 89.999985
181.515076 -483.977844 89.999985
189.53064 -463.860352 89.999985
195.324097 -442.99411 89.999985
198.827606 -421.62384 89.999985
200.0 -400.0 89.999985
198.827606 -378.376221 89.999985
195.324097 -357.00592 89.999985
189.53064 -336.139709 89.999985
181.515076 -316.022217 89.999985
171.371429 -296.889252 89.999985
159.218597 -278.965179 89.999985
145.199097 -262.460114 89.999985
129.477264 -247.567612 89.999985
112.237427 -234.462219 89.999985
93.681702 -223.297607 89.999985
74.027618 -214.204681 89.999985
-101.086105 -560.877563 89.999992
-82.43792 -571.184082 89.999992
-62.753036 -579.33783 89.999992
-42.278992 -585.236328 89.999992
-21.27327 -588.805298 89.999992
-1.5e-05 -590.0 89.999992
21.273239 -588.805298 89.999992
42.278961 -585.236328 89.999992
42.278976 -214.763702 89.999992
21.273254 -211.194687 89.999992
0.0 -210.000015 89.999992
-21.273254 -211.194687 89.999992
-42.278976 -214.763702 89.999992
-62.753021 -220.662186 89.999992
-82.437904 -228.815933 89.999992
-101.08609 -239.122406 89.999992
-112.237427 -565.537842 89.999992
-93.681702 -576.702393 89.999992
-74.027641 -585.795349 89.999992
-53.505676 -592.709961 89.999992
-32.356415 -597.365295 89.999992
-10.827789 -599.706665 89.999992
10.827774 -599.706665 89.999992
32.356384 -597.365295 89.999992
53.505661 -592.709961 89.999992
53.505676 -207.290024 89.999992
32.3564 -202.63472 89.999992
10.827789 -200.29332 89.999992
-10.827774 -200.29332 89.999992
-32.3564 -202.634705 89.999992
-53.505661 -207.290009 89.999992
-74.027626 -214.204666 89.999992
-93.681686 -223.297592 89.999992
-112.237411 -234.462204 89.999992
-188.805328 -421.273254 90.0
-185.236313 -442.278992 90.0
-179.33783 -462.753021 90.0
-171.184082 -482.437927 90.0
-160.877609 -501.08609 90.0
-148.547989 -518.463074 90.0
-134.350281 -534.350281 90.0
-118.463066 -548.547974 90.0
-118.463058 -251.452026 90.0
-134.350281 -265.649719 90.0
-148.547974 -281.536926 90.0
-160.877594 -298.91391 90.0
-171.184082 -317.562103 90.0
-179.33783 -337.246979 90.0
-185.236298 -357.721008 90.0
-188.805328 -378.726746 90.0
-190.0 -400.0 90.0
-200.0 -400.0 90.0
-198.827591 -421.62381 90.0
-195.324112 -442.99408 90.0
-189.53064 -463.860321 90.0
-181.515091 -483.977814 90.0
-171.371429 -503.110779 90.0
-159.218613 -521.034851 90.0
-145.199112 -537.539917 90.0
-129.477264 -552.432373 90.0
-129.477264 -247.567596 90.0
-145.199097 -262.460114 90.0
-159.218597 -278.965149 90.0
-171.371429 -296.889221 90.0
-181.515076 -316.022186 90.0
-189.53064 -336.139709 90.0
-195.324112 -357.00592 90.0
-198.827591 -378.376221 90.0
-10.827789 -600.440308 109.266418
74.027618 -585.795349 109.999985
93.681702 -576.702393 109.999985
112.237427 -565.537842 109.999985
129.477264 -552.432373 109.999985
145.199097 -537.539917 109.999985
159.218597 -521.034912 109.999985
171.371429 -503.110809 109.999985
181.515076 -483.977844 109.999985
189.53064 -463.860352 109.999985
195.324097 -442.99411 109.999985
198.827606 -421.62384 109.999985
200.0 -400.0 109.999985
198.827606 -378.376221 109.999985
195.324097 -357.00592 109.999985
189.53064 -336.139709 109.999985
181.515076 -316.022217 109.999985
171.371429 -296.889252 109.999985
159.218597 -278.965179 109.999985
145.199097 -262.460114 109.999985
129.477264 -247.567612 109.999985
112.237427 -234.462219 109.999985
93.681702 -223.297607 109.999985
74.027618 -214.204681 109.999985
62.753021 -220.662186 109.999985
82.437927 -228.815933 109.999985
101.08609 -239.122406 109.999985
118.463074 -251.452042 109.999985
134.350281 -265.649719 109.999985
148.547974 -281.536957 109.999985
160.877594 -298.91394 109.999985
171.184082 -317.562103 109.999985
179.33783 -337.247009 109.999985
185.236298 -357.721039 109.999985
188.805328 -378.726746 109.999985
190.0 -400.0 109.999985
188.805328 -421.273254 109.999985
185.236298 -442.278992 109.999985
179.33783 -462.753052 109.999985
171.184082 -482.437958 109.999985
160.877594 -501.086121 109.999985
148.547974 -518.463074 109.999985
134.350281 -534.350281 109.999985
118.463074 -548.547974 109.999985
101.08609 -560.877563 109.999985
82.437927 -571.184082 109.999985
62.753021 -579.33783 109.999985
-112.237419 -565.537842 109.999992
-93.681702 -576.702393 109.999992
-74.027641 -585.795349 109.999992
-53.505676 -592.709961 109.999992
-32.356415 -597.365295 109.999992
10.827774 -599.706665 109.999992
32.356384 -597.365295 109.999992
53.505661 -592.709961 109.999992
53.505676 -207.290024 109.999992
32.3564 -202.63472 109.999992
10.827789 -200.29332 109.999992
-10.827774 -200.29332 109.999992
-32.3564 -202.634705 109.999992
-53.505661 -207.290009 109.999992
-74.027618 -214.204666 109.999992
-93.681686 -223.297592 109.999992
-112.237411 -234.462204 109.999992
0.0 -210.000015 109.999992
21.273254 -211.194687 109.999992
42.278976 -214.763702 109.999992
42.278961 -585.236328 109.999992
21.273239 -588.805298 109.999992
-1.5e-05 -590.0 109.999992
-21.27327 -588.805298 109.999992
-42.278992 -585.236328 109.999992
-62.753036 -579.33783 109.999992
-82.437912 -571.184082 109.999992
-101.086098 -560.877563 109.999992
-101.08609 -239.122406 109.999992
-82.437904 -228.815933 109.999992
-62.753021 -220.662186 109.999992
-42.278976 -214.763702 109.999992
-21.273254 -211.194687 109.999992
-198.827591 -421.62381 110.0
-195.324112 -442.99408 110.0
-189.53064 -463.860321 110.0
-181.515091 -483.977814 110.0
-171.371429 -503.110779 110.0
-159.218613 -521.034851 110.0
-145.199112 -537.539917 110.0
-129.477264 -552.432373 110.0
-129.477264 -247.567596 110.0
-145.199097 -262.460114 110.0
-159.218597 -278.965149 110.0
-171.371429 -296.889221 110.0
-181.515076 -316.022186 110.0
-189.53064 -336.139709 110.0
-195.324112 -357.00592 110.0
-198.827591 -378.376221 110.0
-200.0 -400.0 110.0
-118.463066 -548.547974 110.0
-134.350281 -534.350281 110.0
-148.547974 -518.463074 110.0
-160.877609 -501.08609 110.0
-171.184082 -482.437927 110.0
-179.33783 -462.753021 110.0
-185.236313 -442.278992 110.0
-188.805328 -421.273254 110.0
-190.0 -400.0 110.0
-188.805328 -378.726746 110.0
-185.236298 -357.721008 110.0
-179.33783 -337.246979 110.0
-171.184082 -317.562103 110.0
-160.877594 -298.91391 110.0
-148.547974 -281.536926 110.0
-134.350281 -265.649719 110.0
-118.463058 -251.452026 110.0
62.753021 -579.33783 119.999985
82.437927 -571.184082 119.999985
101.08609 -560.877563 119.999985
118.463074 -548.547974 119.999985
134.350281 -534.350281 119.999985
148.547974 -518.463074 119.999985
160.877594 -501.086121 119.999985
171.184082 -482.437958 119.999985
179.33783 -462.753052 119.999985
185.236298 -442.278992 119.999985
188.805328 -421.273254 119.999985
190.0 -400.0 119.999985
188.805328 -378.726746 119.999985
185.236298 -357.721039 119.999985
179.33783 -337.247009 119.999985
171.184082 -317.562103 119.999985
160.877594 -298.91394 119.999985
148.547974 -281.536957 119.999985
134.350281 -265.649719 119.999985
118.463074 -251.452042 119.999985
101.08609 -239.122406 119.999985
82.437927 -228.815933 119.999985
62.753021 -220.662186 119.999985
65.305389 -232.264481 119.999985
84.000122 -240.802094 119.999985
101.599792 -251.41507 119.999985
117.874939 -263.965088 119.999985
132.613403 -278.288544 119.999985
145.623047 -294.198669 119.999985
156.734283 -311.488098 119.999985
165.802246 -329.931396 119.999985
172.70874 -349.288147 119.999985
177.363708 -369.30603 119.999985
179.706451 -389.72403 119.999985
180.0 -400.0 119.999985
179.706451 -410.276001 119.999985
177.363708 -430.694031 119.999985
172.70874 -450.711884 119.999985
165.802246 -470.068665 119.999985
156.734283 -488.511963 119.999985
145.623047 -505.801361 119.999985
132.613403 -521.711487 119.999985
117.874939 -536.034912 119.999985
101.599792 -548.584961 119.999985
84.000122 -559.197937 119.999985
65.305389 -567.735535 119.999985
-101.086098 -560.877563 119.999992
-82.437912 -571.184082 119.999992
-62.753036 -579.33783 119.999992
-42.278992 -585.236328 119.999992
-21.27327 -588.805298 119.999992
-1.5e-05 -590.0 119.999992
21.273239 -588.805298 119.999992
42.278961 -585.236328 119.999992
42.278976 -214.763702 119.999992
21.273254 -211.194687 119.999992
0.0 -210.000015 119.999992
-21.273254 -211.194687 119.999992
-42.278976 -214.763702 119.999992
-62.753021 -220.662186 119.999992
-82.437897 -228.815933 119.999992
-101.08609 -239.122406 119.999992
-109.916618 -257.457611 119.999992
-92.951538 -245.857178 119.999992
-74.774704 -236.266235 119.999992
-55.623062 -228.80983 119.999992
-35.746277 -223.585144 119.999992
-15.403503 -220.660309 119.999992
5.140091 -220.073425 119.999992
25.616669 -221.832153 119.999992
45.759308 -225.913574 119.999992
45.759293 -574.086426 119.999992
25.616653 -578.167847 119.999992
5.140076 -579.926636 119.999992
-15.403519 -579.339722 119.999992
-35.746292 -576.414856 119.999992
-55.623077 -571.190186 119.999992
-74.774712 -563.733765 119.999992
-92.951546 -554.142822 119.999992
-109.916626 -542.542419 119.999992
-188.805328 -421.273254 120.0
-185.236313 -442.278992 120.0
-179.33783 -462.753021 120.0
-171.184082 -482.437927 120.0
-160.877609 -501.08609 120.0
-148.547974 -518.463074 120.0
-134.350281 -534.350281 120.0
-118.463066 -548.547974 120.0
-118.463058 -251.452026 120.0
-134.350281 -265.649719 120.0
-148.547974 -281.536926 120.0
-160.877594 -298.91391 120.0
-171.184082 -317.562103 120.0
-179.33783 -337.246979 120.0
-185.236298 -357.721008 120.0
-188.805328 -378.726746 120.0
-190.0 -400.0 120.0
-151.425629 -497.315338 120.0
-161.531723 -479.4198 120.0
-169.531982 -460.488892 120.0
-175.322144 -440.769409 120.0
-178.826721 -420.518463 120.0
-180.0 -400.0 120.0
-178.826721 -379.481567 120.0
-175.322144 -359.230591 120.0
-169.531982 -339.511108 120.0
-161.531708 -320.5802 120.0
-151.425629 -302.684662 120.0
-139.34549 -286.05777 120.0
-125.448761 -270.91629 120.0
-125.448769 -529.08374 120.0
-139.345505 -513.942261 120.0
179.706451 -410.276001 129.999985
180.0 -400.0 129.999985
179.706451 -389.72403 129.999985
177.363708 -369.30603 129.999985
172.70874 -349.288147 129.999985
165.802246 -329.931396 129.999985
156.734283 -311.488098 129.999985
145.623047 -294.198669 129.999985
132.613403 -278.288544 129.999985
117.874939 -263.965088 129.999985
101.599792 -251.41507 129.999985
84.000122 -240.802094 129.999985
65.305389 -232.264481 129.999985
45.759308 -225.913574 129.999985
25.616669 -221.832153 129.999985
5.140091 -220.073425 129.999985
-15.403503 -220.660309 129.999985
-15.403519 -579.339722 129.999985
5.140076 -579.926636 129.999985
25.616653 -578.167847 129.999985
45.759293 -574.086426 129.999985
65.305389 -567.735535 129.999985
84.000122 -559.197937 129.999985
101.599792 -548.584961 129.999985
117.874939 -536.034912 129.999985
132.613403 -521.711487 129.999985
145.623047 -505.801361 129.999985
156.734283 -488.511963 129.999985
165.802246 -470.068665 129.999985
172.70874 -450.711884 129.999985
177.363708 -430.694031 129.999985
-5.037659 -230.074661 129.999985
15.095306 -230.671539 129.999985
35.016373 -233.645416 129.999985
54.445877 -238.954529 129.999985
73.111084 -246.524384 129.999985
90.749969 -256.248688 129.999985
107.114929 -267.990967 129.999985
121.976227 -281.586365 129.999985
135.125244 -296.843994 129.999985
146.377411 -313.549744 129.999985
155.574768 -331.469055 129.999985
162.588165 -350.350372 129.999985
167.319183 -369.92865 129.999985
169.701416 -389.929108 129.999985
170.0 -400.0 129.999985
169.701416 -410.070923 129.999985
167.319183 -430.07135 129.999985
162.588165 -449.649658 129.999985
155.574768 -468.531006 129.999985
146.377411 -486.450287 129.999985
135.125244 -503.156036 129.999985
121.976227 -518.413696 129.999985
107.114929 -532.009033 129.999985
90.749969 -543.751343 129.999985
73.111084 -553.475586 129.999985
54.445862 -561.045471 129.999985
35.016357 -566.354614 129.999985
15.095291 -569.328491 129.999985
-5.037674 -569.925354 129.999985
-25.09993 -568.136841 129.999985
-25.099915 -231.863174 129.999985
-35.746277 -223.585144 130.0
-55.623062 -228.80983 130.0
-74.774696 -236.266235 130.0
-92.951538 -245.857178 130.0
-109.916618 -257.457611 130.0
-125.448761 -270.91629 130.0
-139.34549 -286.05777 130.0
-151.425629 -302.684662 130.0
-161.531708 -320.5802 130.0
-169.531982 -339.511108 130.0
-175.322144 -359.230591 130.0
-178.826721 -379.481567 130.0
-180.0 -400.0 130.0
-178.826721 -420.518463 130.0
-175.322144 -440.769409 130.0
-169.531982 -460.488892 130.0
-161.531723 -479.4198 130.0
-151.425629 -497.315338 130.0
-139.345505 -513.942261 130.0
-125.448769 -529.08374 130.0
-109.916626 -542.542419 130.0
-92.951546 -554.142822 130.0
-74.774712 -563.733765 130.0
-55.623077 -571.190186 130.0
-35.746292 -576.414856 130.0
-44.80983 -563.988037 130.0
-63.890701 -557.537231 130.0
-82.074677 -548.874939 130.0
-99.106514 -538.122803 130.0
-114.747108 -525.431641 130.0
-128.776917 -510.979767 130.0
-140.998962 -494.96994 130.0
-151.241714 -477.626984 130.0
-159.361343 -459.194275 130.0
-165.243896 -439.930634 130.0
-168.806793 -420.106445 130.0
-170.0 -400.0 130.0
-168.806793 -379.893555 130.0
-165.243896 -360.069397 130.0
-159.361343 -340.805725 130.0
-151.241699 -322.373047 130.0
-140.998962 -305.03006 130.0
-128.776901 -289.020264 130.0
-114.747101 -274.568359 130.0
-99.106506 -261.877228 130.0
-82.074669 -251.125061 130.0
-63.890686 -242.462769 130.0
-44.809814 -236.011963 130.0
169.701416 -410.070923 139.999985
170.0 -400.0 139.999985
169.701416 -389.929108 139.999985
167.319183 -369.92865 139.999985
162.588165 -350.350372 139.999985
155.574768 -331.469055 139.999985
146.377411 -313.549744 139.999985
135.125244 -296.843994 139.999985
121.976227 -281.586365 139.999985
107.114929 -267.990967 139.999985
90.749969 -256.248688 139.999985
73.111084 -246.524384 139.999985
54.445877 -238.954529 139.999985
35.016373 -233.645416 139.999985
15.095306 -230.671539 139.999985
-5.037659 -230.074661 139.999985
-25.099915 -231.863174 139.999985
-25.09993 -568.136841 139.999985
-5.037674 -569.925354 139.999985
15.095291 -569.328491 139.999985
35.016357 -566.354614 139.999985
54.445862 -561.045471 139.999985
73.111084 -553.475586 139.999985
90.749969 -543.751343 139.999985
107.114929 -532.009033 139.999985
121.976227 -518.413696 139.999985
135.125244 -503.156036 139.999985
146.377411 -486.450287 139.999985
155.574768 -468.531006 139.999985
162.588165 -449.649658 139.999985
167.319183 -430.07135 139.999985
160.0 -400.0 139.999985
158.833405 -419.285889 139.999985
155.350677 -438.290527 139.999985
149.6026 -456.736816 139.999985
141.672974 -474.355713 139.999985
131.677429 -490.890381 139.999985
119.761719 -506.09964 139.999985
106.09964 -519.761719 139.999985
90.890381 -531.677429 139.999985
74.355713 -541.672974 139.999985
56.736786 -549.6026 139.999985
38.290497 -555.350708 139.999985
19.285858 -558.833374 139.999985
-1.5e-05 -560.0 139.999985
-19.285889 -558.833374 139.999985
-19.285873 -241.166595 139.999985
0.0 -240.000015 139.999985
19.285873 -241.166595 139.999985
38.290512 -244.649323 139.999985
56.736786 -250.39743 139.999985
74.355713 -258.327057 139.999985
90.890381 -268.322601 139.999985
106.09964 -280.238281 139.999985
119.761719 -293.900391 139.999985
131.677429 -309.10965 139.999985
141.672974 -325.644318 139.999985
149.6026 -343.263245 139.999985
155.350677 -361.709503 139.999985
158.833405 -380.714142 139.999985
-44.809814 -236.011963 140.0
-63.890686 -242.462769 140.0
-82.074661 -251.125061 140.0
-99.106506 -261.877228 140.0
-114.747101 -274.568359 140.0
-128.776901 -289.020264 140.0
-140.998962 -305.03006 140.0
-151.241699 -322.373047 140.0
-159.361343 -340.805725 140.0
-165.243896 -360.069397 140.0
-168.806793 -379.893555 140.0
-170.0 -400.0 140.0
-168.806793 -420.106445 140.0
-165.243896 -439.930634 140.0
-159.361343 -459.194275 140.0
-151.241714 -477.626984 140.0
-140.998962 -494.96994 140.0
-128.776917 -510.979767 140.0
-114.747108 -525.431641 140.0
-99.106514 -538.122803 140.0
-82.074677 -548.874939 140.0
-63.890701 -557.537231 140.0
-44.80983 -563.988037 140.0
-38.290527 -555.350708 140.0
-56.736801 -549.6026 140.0
-74.355713 -541.672974 140.0
-90.890366 -531.677429 140.0
-106.099632 -519.761719 140.0
-119.761726 -506.09964 140.0
-131.677429 -490.890381 140.0
-141.672974 -474.355713 140.0
-149.6026 -456.736786 140.0
-155.350677 -438.290527 140.0
-158.83342 -419.285889 140.0
-160.0 -400.0 140.0
-158.833405 -380.714111 140.0
-155.350677 -361.709473 140.0
-149.602585 -343.263214 140.0
-141.672974 -325.644287 140.0
-131.677414 -309.10965 140.0
-119.761719 -293.900391 140.0
-106.099625 -280.238281 140.0
-90.890358 -268.322601 140.0
-74.355705 -258.327026 140.0
-56.736786 -250.397415 140.0
-38.290512 -244.649323 140.0
-19.285889 -558.833374 149.999985
-1.5e-05 -560.0 149.999985
19.285858 -558.833374 149.999985
38.290497 -555.350708 149.999985
56.736786 -549.6026 149.999985
74.355713 -541.672974 149.999985
90.890381 -531.677429 149.999985
106.09964 -519.761719 149.999985
119.761719 -506.09964 149.999985
131.677429 -490.890381 149.999985
141.672974 -474.355713 149.999985
149.6026 -456.736816 149.999985
155.350677 -438.290527 149.999985
158.833405 -419.285889 149.999985
160.0 -400.0 149.999985
158.833405 -380.714142 149.999985
155.350677 -361.709503 149.999985
149.6026 -343.263245 149.999985
141.672974 -325.644318 149.999985
131.677429 -309.10965 149.999985
119.761719 -293.900391 149.999985
106.09964 -280.238281 149.999985
90.890381 -268.322601 149.999985
74.355713 -258.327057 149.999985
56.736786 -250.39743 149.999985
38.290512 -244.649323 149.999985
19.285873 -241.166595 149.999985
0.0 -240.000015 149.999985
-19.285873 -241.166595 149.999985
-9.418594 -549.703979 149.999985
-9.418579 -250.296005 149.999985
9.418579 -250.296005 149.999985
28.107208 -252.656921 149.999985
46.352554 -257.341553 149.999985
63.866882 -264.27597 149.999985
80.374023 -273.35083 149.999985
95.613617 -284.423035 149.999985
109.345306 -297.317932 149.999985
121.352539 -311.832214 149.999985
131.446014 -327.736969 149.999985
139.466492 -344.781342 149.999985
145.287476 -362.696533 149.999985
148.8172 -381.200012 149.999985
150.0 -400.0 149.999985
148.8172 -418.799988 149.999985
145.287476 -437.303497 149.999985
139.466492 -455.218689 149.999985
131.446014 -472.263062 149.999985
121.352539 -488.167786 149.999985
109.345306 -502.682068 149.999985
95.613617 -515.577026 149.999985
80.374023 -526.64917 149.999985
63.866882 -535.72406 149.999985
46.352539 -542.658447 149.999985
28.107193 -547.343079 149.999985
9.418564 -549.703979 149.999985
-158.83342 -419.285889 150.0
-155.350677 -438.290527 150.0
-149.6026 -456.736786 150.0
-141.672974 -474.355713 150.0
-131.677429 -490.890381 150.0
-119.761726 -506.09964 150.0
-106.099632 -519.761719 150.0
-90.890366 -531.677429 150.0
-74.355713 -541.672974 150.0
-56.736801 -549.6026 150.0
-38.290527 -555.350708 150.0
-38.290512 -244.649323 150.0
-56.736786 -250.397415 150.0
-74.355698 -258.327026 150.0
-90.890358 -268.322601 150.0
-106.099625 -280.238281 150.0
-119.761719 -293.900391 150.0
-131.677414 -309.10965 150.0
-141.672974 -325.644287 150.0
-149.602585 -343.263214 150.0
-155.350677 -361.709473 150.0
-158.833405 -380.714111 150.0
-160.0 -400.0 150.0
-28.107208 -547.343079 150.0
-46.35257 -542.658447 150.0
-63.866898 -535.72406 150.0
-80.374023 -526.64917 150.0
-95.613602 -515.577026 150.0
-109.345299 -502.682068 150.0
-121.352554 -488.167786 150.0
-131.446014 -472.263062 150.0
-139.466476 -455.218689 150.0
-145.287476 -437.303467 150.0
-148.817215 -418.799988 150.0
-150.0 -400.0 150.0
-148.8172 -381.200012 150.0
-145.287476 -362.696533 150.0
-139.466476 -344.781311 150.0
-131.445999 -327.736938 150.0
-121.352547 -311.832214 150.0
-109.345291 -297.317932 150.0
-95.613594 -284.423035 150.0
-80.374016 -273.35083 150.0
-63.866882 -264.27594 150.0
-46.352554 -257.341553 150.0
-28.107193 -252.656921 150.0
-9.418594 -549.703979 159.999985
9.418564 -549.703979 159.999985
28.107193 -547.343079 159.999985
46.352539 -542.658447 159.999985
63.866882 -535.72406 159.999985
80.374023 -526.64917 159.999985
95.613617 -515.577026 159.999985
109.345306 -502.682068 159.999985
121.352539 -488.167786 159.999985
131.446014 -472.263062 159.999985
139.466492 -455.218689 159.999985
145.287476 -437.303497 159.999985
148.8172 -418.799988 159.999985
150.0 -400.0 159.999985
148.8172 -381.200012 159.999985
145.287476 -362.696533 159.999985
139.466492 -344.781342 159.999985
131.446014 -327.736969 159.999985
121.352539 -311.832214 159.999985
109.345306 -297.317932 159.999985
95.613617 -284.423035 159.999985
80.374023 -273.35083 159.999985
63.866882 -264.27597 159.999985
46.352554 -257.341553 159.999985
28.107208 -252.656921 159.999985
9.418579 -250.296005 159.999985
-9.418579 -250.296005 159.999985
-1.5e-05 -540.0 159.999985
-18.273682 -538.802246 159.999985
-18.273666 -261.197723 159.999985
0.0 -260.0 159.999985
18.273666 -261.197754 159.999985
36.234665 -264.770386 159.999985
53.575684 -270.65686 159.999985
70.0 -278.75647 159.999985
85.226593 -288.930542 159.999985
98.994965 -301.005066 159.999985
111.069489 -314.773407 159.999985
121.243561 -330.0 159.999985
129.34314 -346.424316 159.999985
135.229614 -363.76535 159.999985
138.802277 -381.726349 159.999985
140.0 -400.0 159.999985
138.802277 -418.273682 159.999985
135.229614 -436.23468 159.999985
129.34314 -453.575684 159.999985
121.243561 -470.0 159.999985
111.069489 -485.226593 159.999985
98.994965 -498.994965 159.999985
85.226593 -511.069489 159.999985
70.0 -521.24353 159.999985
53.575684 -529.34314 159.999985
36.23465 -535.229614 159.999985
18.273651 -538.802246 159.999985
-148.817215 -418.799988 160.0
-145.287476 -437.303467 160.0
-139.466476 -455.218689 160.0
-131.446014 -472.263062 160.0
-121.352554 -488.167786 160.0
-109.345299 -502.682068 160.0
-95.613602 -515.577026 160.0
-80.374023 -526.64917 160.0
-63.866898 -535.72406 160.0
-46.35257 -542.658447 160.0
-28.107208 -547.343079 160.0
-28.107193 -252.656921 160.0
-46.352554 -257.341553 160.0
-63.866882 -264.27594 160.0
-80.374016 -273.35083 160.0
-95.613594 -284.423035 160.0
-109.345291 -297.317932 160.0
-121.352547 -311.832214 160.0
-131.445999 -327.736938 160.0
-139.466476 -344.781311 160.0
-145.287476 -362.696533 160.0
-148.8172 -381.200012 160.0
-150.0 -400.0 160.0
-36.23468 -535.229614 160.0
-53.575684 -529.34314 160.0
-70.0 -521.24353 160.0
-85.226608 -511.069489 160.0
-98.994949 -498.994965 160.0
-111.069473 -485.226593 160.0
-121.243561 -470.0 160.0
-129.34314 -453.575684 160.0
-135.229614 -436.23468 160.0
-138.802277 -418.273682 160.0
-140.0 -400.0 160.0
-138.802277 -381.726318 160.0
-135.229614 -363.76532 160.0
-129.34314 -346.424316 160.0
-121.243553 -330.0 160.0
-111.069466 -314.773407 160.0
-98.994942 -301.005066 160.0
-85.226601 -288.930542 160.0
-70.0 -278.75647 160.0
-53.575684 -270.65686 160.0
-36.234665 -264.770386 160.0
-18.273666 -538.802246 169.999985
0.0 -540.0 169.999985
18.273666 -538.802246 169.999985
36.234665 -535.229614 169.999985
53.575684 -529.34314 169.999985
70.0 -521.24353 169.999985
85.226593 -511.069489 169.999985
98.994965 -498.994965 169.999985
111.069489 -485.226593 169.999985
121.243561 -470.0 169.999985
129.34314 -453.575684 169.999985
135.229614 -436.23468 169.999985
138.802277 -418.273682 169.999985
140.0 -400.0 169.999985
138.802277 -381.726349 169.999985
135.229614 -363.76535 169.999985
129.34314 -346.424316 169.999985
121.243561 -330.0 169.999985
111.069489 -314.773407 169.999985
98.994965 -301.005066 169.999985
85.226593 -288.930542 169.999985
70.0 -278.75647 169.999985
53.575684 -270.65686 169.999985
36.234665 -264.770386 169.999985
18.273666 -261.197754 169.999985
0.0 -260.0 169.999985
-18.273666 -261.197723 169.999985
-20.837784 -281.82309 169.999985
-4.187943 -280.07312 169.999985
12.543411 -280.657379 169.999985
29.030624 -283.564514 169.999985
44.952789 -288.737946 169.999985
60.0 -296.076965 169.999985
73.879364 -305.438721 169.999985
86.32077 -316.641022 169.999985
97.082031 -329.46579 169.999985
105.953705 -343.663422 169.999985
112.763123 -358.957581 169.999985
117.377716 -375.050598 169.999985
119.707703 -391.629242 169.999985
120.0 -400.0 169.999985
119.707703 -408.370789 169.999985
117.377716 -424.949402 169.999985
112.763123 -441.042419 169.999985
105.953705 -456.336578 169.999985
97.082031 -470.534241 169.999985
86.32077 -483.359009 169.999985
73.879364 -494.56131 169.999985
60.0 -503.923035 169.999985
44.952789 -511.262054 169.999985
29.030624 -516.435486 169.999985
12.543411 -519.342651 169.999985
-4.187943 -519.92688 169.999985
-20.837784 -518.176941 169.999985
-138.802277 -418.273682 170.0
-135.229614 -436.23468 170.0
-129.34314 -453.575684 170.0
-121.243561 -470.0 170.0
-111.069473 -485.226593 170.0
-98.994949 -498.994965 170.0
-85.226608 -511.069489 170.0
-70.0 -521.24353 170.0
-53.575684 -529.34314 170.0
-36.234665 -535.229614 170.0
-36.234665 -264.770386 170.0
-53.575684 -270.65686 170.0
-70.0 -278.75647 170.0
-85.226601 -288.930542 170.0
-98.994942 -301.005066 170.0
-111.069466 -314.773407 170.0
-121.243553 -330.0 170.0
-129.34314 -346.424316 170.0
-135.229614 -363.76532 170.0
-138.802277 -381.726318 170.0
-140.0 -400.0 170.0
-52.604538 -507.855286 170.0
-67.103149 -499.484528 170.0
-80.295677 -489.177368 170.0
-91.925339 -477.134521 170.0
-101.765778 -463.590302 170.0
-109.62545 -448.808411 170.0
-115.351395 -433.076477 170.0
-118.832169 -416.700775 170.0
-119.999992 -400.0 170.0
-118.832169 -383.299225 170.0
-115.351395 -366.923523 170.0
-109.62545 -351.191589 170.0
-101.76577 -336.409698 170.0
-91.925331 -322.865509 170.0
-80.29567 -310.822632 170.0
-67.103149 -300.515503 170.0
-52.604538 -292.144714 170.0
-37.082031 -285.87323 170.0
-37.082031 -514.12677 170.0
119.707703 -408.370789 179.999985
120.0 -400.0 179.999985
119.707703 -391.629242 179.999985
117.377716 -375.050598 179.999985
112.763123 -358.957581 179.999985
105.953705 -343.663422 179.999985
97.082031 -329.46579 179.999985
86.32077 -316.641022 179.999985
73.879364 -305.438721 179.999985
60.0 -296.076965 179.999985
44.952789 -288.737946 179.999985
29.030624 -283.564514 179.999985
12.543411 -280.657379 179.999985
-4.187943 -280.07312 179.999985
-20.837784 -281.82309 179.999985
-20.837784 -518.176941 179.999985
-4.187943 -519.92688 179.999985
12.543411 -519.342651 179.999985
29.030624 -516.435486 179.999985
44.952789 -511.262054 179.999985
60.0 -503.923035 179.999985
73.879364 -494.56131 179.999985
86.32077 -483.359009 179.999985
97.082031 -470.534241 179.999985
105.953705 -456.336578 179.999985
112.763123 -441.042419 179.999985
117.377716 -424.949402 179.999985
-19.039108 -301.829163 179.999985
-3.830276 -300.073395 179.999985
11.468338 -300.65979 179.999985
26.498154 -303.574646 179.999985
40.906876 -308.749634 179.999985
54.35675 -316.063477 179.999985
66.532562 -325.344696 179.999985
77.148926 -336.375763 179.999985
85.95697 -348.898132 179.999985
92.750244 -362.618317 179.999985
97.369537 -377.214661 179.999985
99.706573 -392.345093 179.999985
100.0 -400.0 179.999985
99.706573 -407.654938 179.999985
97.369537 -422.78537 179.999985
92.750244 -437.381714 179.999985
85.95697 -451.101868 179.999985
77.148926 -463.624237 179.999985
66.532562 -474.655334 179.999985
54.35675 -483.936554 179.999985
40.906876 -491.250366 179.999985
26.498154 -496.425354 179.999985
11.468338 -499.34021 179.999985
-3.830276 -499.926636 179.999985
-19.039108 -498.170837 179.999985
-37.082031 -285.87323 180.0
-52.604538 -292.144714 180.0
-67.103149 -300.515503 180.0
-80.29567 -310.822632 180.0
-91.925331 -322.865509 180.0
-101.76577 -336.409698 180.0
-109.62545 -351.191589 180.0
-115.351395 -366.923523 180.0
-118.832169 -383.299225 180.0
-119.999992 -400.0 180.0
-118.832169 -416.700775 180.0
-115.351395 -433.076477 180.0
-109.62545 -448.808411 180.0
-101.76577 -463.590302 180.0
-91.925339 -477.134521 180.0
-80.295677 -489.177368 180.0
-67.103149 -499.484528 180.0
-52.604538 -507.855286 180.0
-37.082031 -514.12677 180.0
-72.052155 -330.656738 180.0
-60.622543 -320.470734 180.0
-47.771973 -312.148773 180.0
-33.801682 -305.885986 180.0
-60.622543 -479.529297 180.0
-72.052162 -469.343262 180.0
-81.792931 -457.53186 180.0
-89.616547 -444.372009 180.0
-95.339638 -430.172058 180.0
-98.828033 -415.264954 180.0
-100.0 -400.0 180.0
-98.828033 -384.735077 180.0
-95.339638 -369.827942 180.0
-89.616547 -355.628021 180.0
-81.792931 -342.46814 180.0
-33.801682 -494.114014 180.0
-47.771973 -487.851227 180.0
99.706573 -407.654938 189.999985
100.0 -400.0 189.999985
99.706573 -392.345093 189.999985
97.369537 -377.214661 189.999985
92.750244 -362.618317 189.999985
85.95697 -348.898132 189.999985
77.148926 -336.375763 189.999985
66.532562 -325.344696 189.999985
54.35675 -316.063477 189.999985
40.906876 -308.749634 189.999985
26.498154 -303.574646 189.999985
11.468338 -300.65979 189.999985
-3.830276 -300.073395 189.999985
-19.039108 -301.829163 189.999985
-19.039108 -498.170837 189.999985
-3.830276 -499.926636 189.999985
11.468338 -499.34021 189.999985
26.498154 -496.425354 189.999985
40.906876 -491.250366 189.999985
54.35675 -483.936554 189.999985
66.532562 -474.655334 189.999985
77.148926 -463.624237 189.999985
85.95697 -451.101868 189.999985
92.750244 -437.381714 189.999985
97.369537 -422.78537 189.999985
41.624329 -343.720215 189.999985
50.536926 -351.564301 189.999985
57.995667 -360.801788 189.999985
63.786011 -371.166931 189.999985
67.741302 -382.361572 189.999985
69.747833 -394.063599 189.999985
70.0 -400.0 189.999985
69.747833 -405.936432 189.999985
67.741302 -417.638489 189.999985
63.786011 -428.833099 189.999985
57.995667 -439.198242 189.999985
50.536926 -448.43573 189.999985
-14.747543 -331.571167 189.999985
-2.970886 -330.06308 189.999985
8.891251 -330.566986 189.999985
20.497604 -333.068359 189.999985
31.514267 -337.495209 189.999985
41.624329 -456.279816 189.999985
31.514267 -462.504822 189.999985
20.497604 -466.931671 189.999985
8.891251 -469.433044 189.999985
-2.970886 -469.93692 189.999985
-14.747543 -468.428864 189.999985
-33.801682 -305.885986 190.0
-47.771973 -312.148773 190.0
-60.622543 -320.470734 190.0
-72.052155 -330.656738 190.0
-81.792931 -342.46814 190.0
-89.616547 -355.628021 190.0
-95.339638 -369.827942 190.0
-98.828033 -384.735077 190.0
-100.0 -400.0 190.0
-98.828033 -415.264954 190.0
-95.339638 -430.172058 190.0
-89.616547 -444.372009 190.0
-81.792931 -457.53186 190.0
-72.052155 -469.343262 190.0
-60.622543 -479.529297 190.0
-47.771973 -487.851227 190.0
-33.801682 -494.114014 190.0
-54.462494 -356.024597 190.0
-46.247223 -347.452942 190.0
-36.701508 -340.392944 190.0
-26.099945 -335.047791 190.0
-46.247223 -452.547058 190.0
-54.462494 -443.975403 190.0
-61.110992 -434.138641 190.0
-66.001419 -423.319794 190.0
-68.993118 -411.830078 190.0
-70.0 -400.0 190.0
-68.993118 -388.169952 190.0
-66.001419 -376.680237 190.0
-61.110992 -365.861359 190.0
-26.099945 -464.95224 190.0
-36.701508 -459.607056 190.0
69.747833 -405.936432 199.999985
70.0 -400.0 199.999985
69.747833 -394.063599 199.999985
67.741302 -382.361572 199.999985
63.786011 -371.166931 199.999985
57.995667 -360.801788 199.999985
50.536926 -351.564301 199.999985
41.624329 -343.720215 199.999985
31.514267 -337.495209 199.999985
20.497604 -333.068359 199.999985
8.891251 -330.566986 199.999985
-2.970886 -330.06308 199.999985
-14.747543 -331.571167 199.999985
-14.747543 -468.428864 199.999985
-2.970886 -469.93692 199.999985
8.891251 -469.433044 199.999985
20.497604 -466.931671 199.999985
31.514267 -462.504822 199.999985
41.624329 -456.279816 199.999985
50.536926 -448.43573 199.999985
57.995667 -439.198242 199.999985
63.786011 -428.833099 199.999985
67.741302 -417.638489 199.999985
-2.758682 -464.941437 199.999985
-13.694153 -463.541107 199.999985
-24.235672 -460.312775 199.999985
-24.235672 -339.687256 199.999985
-13.694153 -336.458923 199.999985
-2.758682 -335.058594 199.999985
8.256165 -335.526489 199.999985
19.033478 -337.849182 199.999985
29.263245 -341.959839 199.999985
38.651154 -347.740204 199.999985
46.927155 -355.023987 199.999985
53.853134 -363.601654 199.999985
59.229858 -373.22644 199.999985
62.902649 -383.62146 199.999985
64.765839 -394.48764 199.999985
65.0 -400.0 199.999985
64.765839 -405.51239 199.999985
62.902649 -416.378601 199.999985
59.229858 -426.773621 199.999985
53.853134 -436.398376 199.999985
46.927155 -444.976044 199.999985
38.651154 -452.259827 199.999985
29.263245 -458.040192 199.999985
19.033478 -462.150848 199.999985
8.256165 -464.473541 199.999985
-26.099945 -335.047791 200.0
-36.701508 -340.392944 200.0
-46.247223 -347.452942 200.0
-54.462494 -356.024597 200.0
-61.110992 -365.861359 200.0
-66.001419 -376.680237 200.0
-68.993118 -388.169952 200.0
-70.0 -400.0 200.0
-68.993118 -411.830078 200.0
-66.001419 -423.319794 200.0
-61.110992 -434.138641 200.0
-54.462494 -443.975403 200.0
-46.247223 -452.547058 200.0
-36.701508 -459.607056 200.0
-26.099945 -464.95224 200.0
-34.079971 -455.349396 200.0
-42.943848 -448.793701 200.0
-50.572327 -440.83429 200.0
-56.745911 -431.700195 200.0
-61.287033 -421.654083 200.0
-64.065033 -410.985046 200.0
-65.0 -400.0 200.0
-64.065033 -389.014954 200.0
-61.287033 -378.345917 200.0
-56.745911 -368.299835 200.0
-50.572327 -359.16571 200.0
-42.943848 -351.206299 200.0
-34.079971 -344.650604 200.0
-14.384171 -468.506165 229.999985
-23.465042 -334.05011 229.999985
-11.7724 -330.99704 229.999985
0.271103 -330.000549 229.999985
12.306534 -331.090302 229.999985
23.975174 -334.233826 229.999985
34.92926 -339.337463 229.999985
44.842331 -346.249054 229.999985
53.418915 -354.762634 229.999985
60.403412 -364.624481 229.999985
65.587646 -375.540649 229.999985
68.817108 -387.185791 229.999985
69.995575 -399.212891 229.999985
69.087891 -411.263397 229.999985
66.121124 -422.97821 229.999985
61.183685 -434.00824 229.999985
54.422729 -444.024628 229.999985
46.039764 -452.728943 229.999985
36.284653 -459.861725 229.999985
25.448105 -465.210388 229.999985
13.853104 -468.61554 229.999985
64.765839 -405.51239 229.999985
65.0 -400.0 229.999985
64.765839 -394.48764 229.999985
62.902649 -383.62146 229.999985
59.229858 -373.22644 229.999985
53.853134 -363.601654 229.999985
46.927155 -355.023987 229.999985
38.651154 -347.740204 229.999985
29.263245 -341.959839 229.999985
19.033478 -337.849182 229.999985
8.256165 -335.526489 229.999985
-2.758682 -335.058594 229.999985
-13.694153 -336.458923 229.999985
-24.235672 -339.687256 229.999985
-24.235672 -460.312775 229.999985
-13.694153 -463.541107 229.999985
-2.758682 -464.941437 229.999985
8.256165 -464.473541 229.999985
19.033478 -462.150848 229.999985
29.263245 -458.040192 229.999985
38.651154 -452.259827 229.999985
46.927155 -444.976044 229.999985
53.853134 -436.398376 229.999985
59.229858 -426.773621 229.999985
62.902649 -416.378601 229.999985
-10.792786 -471.010712 229.999985
-7.996872 -472.723785 229.999985
-5.126724 -474.072052 229.999985
-3.110764 -474.677063 229.999985
-1.375748 -474.921417 229.999985
0.400711 -474.882477 229.999985
2.609879 -474.469879 229.999985
12.057877 -469.768555 229.999985
5.624985 -473.379761 229.999985
-25.952438 -465.011322 230.0
-36.747238 -459.578857 230.0
-46.446808 -452.370728 230.0
-54.7621 -443.601746 230.0
-61.445267 -433.533264 230.0
-66.297119 -422.465363 230.0
-69.17305 -410.727905 230.0
-69.987381 -398.670715 230.0
-68.71579 -386.653137 230.0
-65.39621 -375.033325 230.0
-60.127579 -364.157654 230.0
-53.06691 -354.35022 230.0
-44.424637 -345.90332 230.0
-34.458328 -339.068726 230.0
-34.079971 -344.650604 230.0
-42.943848 -351.206299 230.0
-50.572327 -359.16571 230.0
-56.745911 -368.299835 230.0
-61.287033 -378.345917 230.0
-64.065033 -389.014954 230.0
-65.0 -400.0 230.0
-64.065033 -410.985046 230.0
-61.287033 -421.654083 230.0
-56.745911 -431.700195 230.0
-50.572327 -440.83429 230.0
-42.943848 -448.793701 230.0
-34.079971 -455.349396 230.0
-20.533859 -472.134338 234.999985
-20.71933 -327.918732 234.999985
-8.054947 -325.433807 234.999985
4.847946 -325.15686 234.999985
17.607285 -327.096069 234.999985
29.845261 -331.194061 234.999985
41.199493 -337.329437 234.999985
51.333755 -345.320557 234.999985
59.947998 -354.930786 234.999985
66.787109 -365.875519 234.999985
71.648621 -377.83075 234.999985
74.388519 -390.442413 234.999985
74.92572 -403.337097 234.999985
73.244293 -416.132965 234.999985
69.394043 -428.451111 234.999985
63.488983 -439.926819 234.999985
55.703949 -450.220215 234.999985
46.26947 -459.026581 234.999985
35.464905 -466.085114 234.999985
23.610199 -471.186798 234.999985
-14.384171 -468.506165 234.999985
-23.465042 -334.05011 234.999985
-11.7724 -330.99704 234.999985
0.271103 -330.000549 234.999985
12.306534 -331.090302 234.999985
23.975174 -334.233826 234.999985
34.92926 -339.337463 234.999985
44.842331 -346.249054 234.999985
53.418915 -354.762634 234.999985
60.403412 -364.624481 234.999985
65.587646 -375.540649 234.999985
68.817108 -387.185791 234.999985
69.995575 -399.212891 234.999985
69.087891 -411.263397 234.999985
66.121124 -422.97821 234.999985
61.183685 -434.00824 234.999985
54.422729 -444.024628 234.999985
46.039764 -452.728943 234.999985
36.284653 -459.861725 234.999985
25.448105 -465.210388 234.999985
13.853104 -468.61554 234.999985
-10.792786 -471.010712 234.999985
-7.996872 -472.723785 234.999985
-5.126724 -474.072052 234.999985
-3.110764 -474.677063 234.999985
-1.375748 -474.921417 234.999985
0.400711 -474.882477 234.999985
2.609879 -474.469879 234.999985
5.624985 -473.379761 234.999985
12.057877 -469.768555 234.999985
22.179276 -472.445129 234.999985
15.941711 -476.980988 234.999985
11.342346 -479.332306 234.999985
7.103516 -480.749084 234.999985
2.993134 -481.432831 234.999985
-1.096451 -481.436035 234.999985
-5.063553 -480.79129 234.999985
-9.303329 -479.394043 234.999985
-14.047455 -476.959442 234.999985
-32.596558 -467.546021 235.0
-43.694046 -460.957611 235.0
-53.497711 -452.564209 235.0
-61.71727 -442.614319 235.0
-68.109314 -431.402557 235.0
-72.484589 -419.260956 235.0
-74.713516 -406.549011 235.0
-74.730118 -393.643188 235.0
-72.53389 -380.925537 235.0
-68.189865 -368.772736 235.0
-61.826675 -357.544617 235.0
-53.632751 -347.573608 235.0
-43.850693 -339.154968 235.0
-32.770187 -332.538055 235.0
-25.952438 -465.011322 235.0
-36.747238 -459.578857 235.0
-46.446808 -452.370728 235.0
-54.7621 -443.601746 235.0
-61.445267 -433.533264 235.0
-66.297119 -422.465363 235.0
-69.17305 -410.727905 235.0
-69.987381 -398.670715 235.0
-68.71579 -386.653137 235.0
-65.39621 -375.033325 235.0
-60.127579 -364.157654 235.0
-53.06691 -354.35022 235.0
-44.424637 -345.90332 235.0
-34.458328 -339.068726 235.0
-20.533859 -472.134338 239.999985
-20.71933 -327.918732 239.999985
-8.054947 -325.433807 239.999985
4.847946 -325.15686 239.999985
17.607285 -327.096069 239.999985
29.845261 -331.194061 239.999985
41.199493 -337.329437 239.999985
51.333755 -345.320557 239.999985
59.947998 -354.930786 239.999985
66.787109 -365.875519 239.999985
71.648621 -377.83075 239.999985
74.388519 -390.442413 239.999985
74.92572 -403.337097 239.999985
73.244293 -416.132965 239.999985
69.394043 -428.451111 239.999985
63.488983 -439.926819 239.999985
55.703949 -450.220215 239.999985
46.26947 -459.026581 239.999985
35.464905 -466.085114 239.999985
23.610199 -471.186798 239.999985
-9.089874 -479.481903 239.999985
-3.395294 -479.927917 239.999985
-5.063553 -480.79129 239.999985
-1.096451 -481.436035 239.999985
11.838959 -479.119141 239.999985
11.342346 -479.332306 239.999985
10.161423 -479.352051 239.999985
7.103516 -480.749084 239.999985
2.993134 -481.432831 239.999985
-14.047455 -476.959442 239.999985
-9.303329 -479.394043 239.999985
15.941711 -476.980988 239.999985
22.179276 -472.445129 239.999985
23.425827 -476.493347 239.999985
36.016296 -471.434082 239.999985
47.570663 -464.319763 239.999985
57.7565 -455.355133 239.999985
66.280792 -444.798004 239.999985
72.898285 -432.952118 239.999985
77.41864 -420.158264 239.999985
79.711792 -406.784485 239.999985
79.711792 -393.215546 239.999985
77.41864 -379.841766 239.999985
72.898285 -367.047913 239.999985
66.280792 -355.202026 239.999985
57.7565 -344.644897 239.999985
47.570663 -335.680237 239.999985
36.016296 -328.565948 239.999985
23.425827 -323.506683 239.999985
10.161423 -320.64798 239.999985
-3.395294 -320.072083 239.999985
-16.85434 -321.795593 239.999985
-16.85434 -478.204407 239.999985
-32.596558 -467.546021 240.0
-43.694046 -460.957611 240.0
-53.497711 -452.564209 240.0
-61.71727 -442.614319 240.0
-68.109314 -431.402557 240.0
-72.484589 -419.260956 240.0
-74.713516 -406.549011 240.0
-74.730118 -393.643188 240.0
-72.53389 -380.925537 240.0
-68.189865 -368.772736 240.0
-61.826675 -357.544617 240.0
-53.632751 -347.573608 240.0
-43.850693 -339.154968 240.0
-32.770187 -332.538055 240.0
-29.828522 -325.76889 240.0
-41.94458 -331.877686 240.0
-52.853973 -339.946228 240.0
-62.242859 -349.742401 240.0
-69.841125 -360.984406 240.0
-75.430191 -373.348816 240.0
-78.849266 -386.479919 240.0
-79.999992 -400.0 240.0
-78.849266 -413.520081 240.0
-75.430191 -426.651184 240.0
-69.841125 -439.015594 240.0
-62.242859 -450.257599 240.0
-52.853973 -460.053802 240.0
-41.94458 -468.122345 240.0
-29.828522 -474.23114 240.0
-9.089874 -479.481903 240.099976
-20.331039 -477.373444 240.099976
22.140457 -476.875214 240.099976
11.838959 -479.119141 240.099976
-16.85434 -478.204407 240.099976
6.273468 -480.781219 240.099976
2.378342 -481.451447 240.099976
-0.496674 -481.465668 240.099976
-3.881287 -480.938965 240.099976
-13.399277 -481.381958 240.099976
-8.032852 -483.398224 240.099976
-3.107117 -484.410126 240.099976
1.888123 -484.613098 240.099976
6.879807 -483.98465 240.099976
11.921326 -482.503082 240.099976
17.285568 -479.988403 240.099976
10.161423 -479.352051 244.999985
-9.089874 -479.481903 244.999985
-3.395294 -479.927917 244.999985
-20.331039 -477.373444 244.999985
22.140457 -476.875214 244.999985
23.425827 -476.493347 244.999985
11.838959 -479.119141 244.999985
36.016296 -471.434082 244.999985
47.570663 -464.319763 244.999985
57.7565 -455.355133 244.999985
66.280792 -444.798004 244.999985
72.898285 -432.952118 244.999985
77.41864 -420.158264 244.999985
79.711792 -406.784485 244.999985
79.711792 -393.215546 244.999985
77.41864 -379.841766 244.999985
72.898285 -367.047913 244.999985
66.280792 -355.202026 244.999985
57.7565 -344.644897 244.999985
47.570663 -335.680237 244.999985
36.016296 -328.565948 244.999985
23.425827 -323.506683 244.999985
10.161423 -320.64798 244.999985
-3.395294 -320.072083 244.999985
-16.85434 -321.795593 244.999985
6.273468 -480.781219 244.999985
2.378342 -481.451447 244.999985
-0.496674 -481.465668 244.999985
-3.881287 -480.938965 244.999985
-13.399277 -481.381958 244.999985
-8.032852 -483.398224 244.999985
-3.107117 -484.410126 244.999985
1.888123 -484.613098 244.999985
6.879807 -483.98465 244.999985
11.921326 -482.503082 244.999985
17.285568 -479.988403 244.999985
33.293213 -478.080811 244.999985
28.879669 -479.947296 244.999985
13.558289 -485.923676 244.999985
5.621353 -488.07666 244.999985
0.994965 -488.529144 244.999985
-3.398361 -488.217346 244.999985
-12.304443 -485.99057 244.999985
45.784225 -471.476257 244.999985
66.649353 -452.563416 244.999985
57.006592 -462.891144 244.999985
74.445343 -440.779175 244.999985
80.178497 -427.86499 244.999985
83.690002 -414.17868 244.999985
84.882507 -400.099487 244.999985
83.722992 -386.017578 244.999985
80.243591 -372.323059 244.999985
74.54071 -359.395447 244.999985
66.7724 -347.592987 244.999985
57.153839 -337.242676 244.999985
45.95163 -328.631287 244.999985
33.476135 -321.997467 244.999985
20.073044 -317.525024 244.999985
6.113754 -315.337921 244.999985
-8.014954 -315.496704 244.999985
-21.92157 -317.997009 244.999985
-29.828522 -474.23114 245.0
-29.828522 -325.76889 245.0
-41.94458 -331.877686 245.0
-52.853973 -339.946228 245.0
-62.242859 -349.742401 245.0
-69.841125 -360.984406 245.0
-75.430191 -373.348816 245.0
-78.849266 -386.479919 245.0
-79.999992 -400.0 245.0
-78.849266 -413.520081 245.0
-75.430191 -426.651184 245.0
-69.841125 -439.015594 245.0
-62.242859 -450.257599 245.0
-52.853973 -460.053802 245.0
-41.94458 -468.122345 245.0
-31.529953 -478.809326 245.0
-44.166245 -472.487183 245.0
-55.578735 -464.156464 245.0
-65.451172 -454.048035 245.0
-35.220764 -322.769531 245.0
-47.544022 -329.682068 245.0
-58.549866 -338.54303 245.0
-67.93335 -349.106903 245.0
-75.434464 -361.080994 245.0
-80.845352 -374.133484 245.0
-84.01609 -387.90271 245.0
-84.858818 -402.007172 245.0
-83.350189 -416.056 245.0
-79.53199 -429.659912 245.0
-73.510033 -442.442017 245.0
33.293213 -478.080811 249.999985
28.879669 -479.947296 249.999985
13.558289 -485.923676 249.999985
5.621353 -488.07666 249.999985
0.994965 -488.529144 249.999985
-3.398361 -488.217346 249.999985
-12.304443 -485.99057 249.999985
44.485687 -472.291595 249.999985
1.034668 -495.44632 249.999985
-2.637772 -495.458832 249.999985
-6.42218 -494.844025 249.999985
-11.790756 -493.034363 249.999985
-21.68042 -487.848694 249.999985
4.911469 -494.795135 249.999985
10.251892 -493.01236 249.999985
12.671082 -491.949463 249.999985
23.262985 -486.176788 249.999985
-31.529953 -478.809326 250.0
-44.166245 -472.487183 250.0
-46.201614 -471.207153 250.0
-36.296707 -478.237885 250.0
62.813507 -457.092163 254.999985
57.006592 -462.891144 254.999985
50.496002 -468.229034 254.999985
45.784225 -471.476257 254.999985
44.485687 -472.291595 254.999985
23.262985 -486.176788 254.999985
12.671082 -491.949463 254.999985
10.251892 -493.01236 254.999985
4.911469 -494.795135 254.999985
1.034668 -495.44632 254.999985
-2.637772 -495.458832 254.999985
-6.42218 -494.844025 254.999985
-11.790756 -493.034363 254.999985
-21.68042 -487.848694 254.999985
56.169708 -463.143127 254.999985
38.204987 -478.860901 254.999985
-23.88472 -490.512604 254.999985
-14.349213 -496.316956 254.999985
-8.283936 -498.820251 254.999985
-4.066162 -499.809753 254.999985
0.029938 -500.088867 254.999985
4.143402 -499.669189 254.999985
8.610214 -498.463196 254.999985
14.780182 -495.71405 254.999985
24.403381 -489.653198 254.999985
-51.012131 -467.844025 255.0
-46.201614 -471.207153 255.0
-57.092148 -462.813507 255.0
-55.578735 -464.156464 255.0
-36.296707 -478.237885 255.0
-46.138489 -472.601318 255.0
-37.859802 -479.688019 255.0
62.813507 -457.092163 260.0
66.649353 -452.563416 260.0
74.445343 -440.779175 260.0
80.178497 -427.86499 260.0
83.690002 -414.17868 260.0
84.882507 -400.099487 260.0
83.722992 -386.017578 260.0
80.243591 -372.323059 260.0
74.54071 -359.395447 260.0
66.7724 -347.592987 260.0
57.153839 -337.242676 260.0
45.95163 -328.631287 260.0
33.476135 -321.997467 260.0
20.073044 -317.525024 260.0
6.113754 -315.337921 260.0
-8.014954 -315.496704 260.0
-21.92157 -317.997009 260.0
-35.220764 -322.769531 260.0
-47.544022 -329.682068 260.0
-58.549866 -338.54303 260.0
-67.93335 -349.106903 260.0
-75.434456 -361.080994 260.0
-80.845352 -374.133484 260.0
-84.01609 -387.90271 260.0
-84.858818 -402.007172 260.0
-83.350189 -416.056 260.0
-79.53199 -429.659912 260.0
-73.510033 -442.442017 260.0
-65.451172 -454.048035 260.0
-57.092148 -462.813507 260.0
38.204987 -478.860901 260.0
-37.859802 -479.688019 260.0
-23.88472 -490.512604 260.0
-14.349213 -496.316956 260.0
-8.283936 -498.820251 260.0
-4.066162 -499.809753 260.0
0.029938 -500.088867 260.0
4.143402 -499.669189 260.0
8.610214 -498.463196 260.0
14.780182 -495.71405 260.0
24.403381 -489.653198 260.0
71.941132 -456.750458 260.0
42.15213 -483.806213 260.0
25.894348 -497.101562 260.0
15.849564 -503.829071 260.0
9.567307 -506.873016 260.0
5.269302 -508.181885 260.0
1.628265 -508.690521 260.0
-2.040131 -508.603027 260.0
-5.844513 -507.886993 260.0
-10.231323 -506.353333 260.0
-18.158478 -502.104309 260.0
-29.933075 -493.664886 260.0
-50.682205 -476.141479 260.0
-71.514755 -457.286835 260.0
-79.736015 -445.147644 260.0
-85.915947 -431.8526 260.0
86.151733 -431.20929 260.0
80.071381 -444.550171 260.0
90.02652 -417.069458 260.0
91.596558 -402.492615 260.0
90.821625 -387.85199 260.0
87.721558 -373.522339 260.0
82.375763 -359.870544 260.0
74.921051 -347.246094 260.0
65.548309 -335.972198 260.0
54.497437 -326.337463 260.0
42.051407 -318.588593 260.0
28.528809 -312.92392 260.0
14.275848 -309.488464 260.0
-0.342575 -308.370209 260.0
-14.95224 -309.597748 260.0
-29.179123 -313.139648 260.0
-42.658981 -318.905304 260.0
-55.046722 -326.74704 260.0
-66.025223 -336.464111 260.0
-75.313408 -347.80777 260.0
-82.6735 -360.48761 260.0
-87.917084 -374.178986 260.0
-90.909904 -388.531433 260.0
-91.57534 -403.177429 260.0
-89.896362 -417.742126 260.0
71.941132 -456.750458 265.0
57.221985 -470.351776 265.0
80.071381 -444.550171 265.0
81.623444 -441.638428 265.0
42.15213 -483.806213 265.0
25.894348 -497.101562 265.0
15.849564 -503.829071 265.0
9.567307 -506.873016 265.0
5.269302 -508.181885 265.0
1.628265 -508.690521 265.0
-2.040131 -508.603027 265.0
-5.844513 -507.886993 265.0
-10.231323 -506.353333 265.0
-18.158478 -502.104309 265.0
-29.933075 -493.664886 265.0
-50.682205 -476.141479 265.0
-71.514755 -457.286835 265.0
-58.458969 -469.189056 265.0
-81.181252 -442.494049 265.0
-79.736015 -445.147644 265.0
-65.922775 -460.577484 265.0
-3.850571 -514.717102 265.0
0.056381 -515.02478 265.0
37.039291 -492.156219 265.0
53.638153 -474.403595 265.0
3.834976 -514.698059 265.0
7.899811 -513.678955 265.0
12.820084 -511.594086 265.0
20.165054 -507.026001 265.0
25.003983 -503.266602 265.0
-7.853516 -513.737915 265.0
-12.410187 -511.868164 265.0
-19.828003 -507.37146 265.0
-29.996033 -499.06134 265.0
-43.907364 -485.25473 265.0
81.623444 -441.638428 270.0
86.151733 -431.20929 270.0
90.02652 -417.069458 270.0
91.596558 -402.492615 270.0
90.821625 -387.85199 270.0
87.721558 -373.522339 270.0
82.375763 -359.870544 270.0
74.921051 -347.246094 270.0
65.548309 -335.972198 270.0
54.497437 -326.337463 270.0
42.051407 -318.588593 270.0
28.528809 -312.92392 270.0
14.275848 -309.488464 270.0
-0.342575 -308.370209 270.0
-14.95224 -309.597748 270.0
-29.179123 -313.139648 270.0
-42.658981 -318.905304 270.0
-55.046722 -326.74704 270.0
-66.025223 -336.464111 270.0
-75.313408 -347.80777 270.0
-82.6735 -360.48761 270.0
-87.917076 -374.178986 270.0
-90.909904 -388.531433 270.0
-91.57534 -403.177429 270.0
-89.896362 -417.742126 270.0
-85.915947 -431.8526 270.0
-81.181252 -442.494049 270.0
53.638153 -474.403595 270.0
37.039291 -492.156219 270.0
25.003983 -503.266602 270.0
20.165054 -507.026001 270.0
12.820084 -511.594086 270.0
7.899811 -513.678955 270.0
3.834976 -514.698059 270.0
0.056381 -515.02478 270.0
-3.850571 -514.717102 270.0
-7.853516 -513.737915 270.0
-12.410187 -511.868164 270.0
-19.828003 -507.37146 270.0
-29.996033 -499.06134 270.0
-65.922775 -460.577484 270.0
-43.907364 -485.25473 270.0
95.745392 -428.858643 270.0
62.813507 -469.550964 270.0
42.617783 -492.642059 270.0
29.315552 -506.020569 270.0
19.23175 -514.297363 270.0
16.31691 -516.245483 270.0
10.382309 -519.412476 270.0
5.865051 -520.987061 270.0
1.943756 -521.695435 270.0
-1.571365 -521.783569 270.0
-5.540924 -521.259399 270.0
-9.758698 -520.007935 270.0
-14.721664 -517.704346 270.0
-23.185623 -512.071899 270.0
-33.79985 -502.838806 270.0
-47.584381 -488.675964 270.0
-70.800171 -462.048615 270.0
-94.180473 -433.616028 270.0
-98.167221 -419.057678 270.0
-99.917336 -404.065125 270.0
-99.390938 -388.97998 270.0
-96.600014 -374.145874 270.0
-91.608162 -359.900848 270.0
-84.529121 -346.569427 270.0
-75.52417 -334.455383 270.0
-64.798492 -323.834686 270.0
-52.596436 -314.949341 270.0
-39.19603 -308.001801 270.0
-24.902573 -303.15033 270.0
-10.041748 -300.505463 270.0
5.047867 -300.127502 270.0
20.022476 -302.025024 270.0
34.540894 -306.154785 270.0
48.272339 -312.422729 270.0
60.903931 -320.686005 270.0
72.147919 -330.756409 270.0
81.748077 -342.404419 270.0
89.485687 -355.364685 270.0
95.184479 -369.341919 270.0
98.714569 -384.0177 270.0
99.995575 -399.057587 270.0
98.99826 -414.118958 270.0
95.745392 -428.858643 275.0
62.813507 -469.550964 275.0
42.617783 -492.642059 275.0
29.315552 -506.020569 275.0
19.23175 -514.297363 275.0
16.31691 -516.245483 275.0
10.382309 -519.412476 275.0
5.865051 -520.987061 275.0
1.943756 -521.695435 275.0
-1.571365 -521.783569 275.0
-5.540924 -521.259399 275.0
-9.758698 -520.007935 275.0
-14.721664 -517.704346 275.0
-23.185623 -512.071899 275.0
-33.79985 -502.838806 275.0
-47.584381 -488.675964 275.0
-70.800171 -462.048615 275.0
-94.180473 -433.616028 275.0
-98.167221 -419.057678 275.0
-99.917336 -404.065125 275.0
-99.390938 -388.97998 275.0
-96.600014 -374.145874 275.0
-91.608162 -359.900848 275.0
-84.529121 -346.569427 275.0
-75.52417 -334.455383 275.0
-64.798492 -323.834686 275.0
-52.596436 -314.949341 275.0
-39.19603 -308.001801 275.0
-24.902573 -303.15033 275.0
-10.041748 -300.505463 275.0
5.047882 -300.127502 275.0
20.022476 -302.025024 275.0
34.540894 -306.154785 275.0
48.272339 -312.422729 275.0
60.903931 -320.686005 275.0
72.147919 -330.756409 275.0
81.748077 -342.404419 275.0
89.485687 -355.364685 275.0
95.184479 -369.341919 275.0
98.714569 -384.0177 275.0
99.995575 -399.057587 275.0
98.99826 -414.118958 275.0
